17 10
275209041062395906 - bolo
24 10
354664344753274881 - demo
02 04
247362561404567552 - alce
28 03
275209485520207872 - marko
30 08
357906839670620161 - moser
30 08
278156808261206016
27 12
201600193068662785
3 1
471042376085798923
18 10
548609204340916224
7 1
236110422384574464
08 05
382785368136744971
09 08
281442987089592320
21 11
635482192814014464
13 02
374143919379972116
12 12
723973925410832426
19 04
822170365878337556
28 06
821020889213698078
20 12
821376788965228546
27 02
821299193904758835
11 09
516622481205755915
13 03
825318921926082591
